2 0.282017 0.616349 0.020322 0.017629
2 0.954231 0.638221 0.020077 0.019587
2 0.941041 0.572441 0.015607 0.012079
2 0.247862 0.587784 0.014691 0.014691
2 0.978564 0.622681 0.017930 0.019846
2 0.537726 0.470615 0.017945 0.013711
2 0.869134 0.892011 0.043366 0.033565
2 0.503150 0.485666 0.016526 0.011032
2 0.217873 0.559115 0.014437 0.016115
2 0.540457 0.517062 0.015831 0.013601
2 0.523285 0.463778 0.018393 0.014316
2 0.995234 0.576359 0.009532 0.014692
2 0.235289 0.577220 0.013540 0.015579
2 0.995723 0.920807 0.008553 0.017879
2 0.529660 0.518873 0.015123 0.011829
2 0.585337 0.447708 0.009000 0.013428
2 0.356105 0.700248 0.020030 0.020240
2 0.761785 0.525431 0.018118 0.015996
2 0.549521 0.495618 0.025406 0.011560
2 0.962461 0.906577 0.045841 0.033282
2 0.127399 0.844868 0.039175 0.028075
2 0.358530 0.676254 0.024484 0.020567
2 0.225459 0.586315 0.018363 0.019587
2 0.207952 0.548283 0.010773 0.015343
2 0.040481 0.561015 0.009794 0.014038
2 0.038155 0.362529 0.022281 0.014691
2 0.946518 0.644261 0.019343 0.019261
2 0.919885 0.660040 0.017710 0.012188
2 0.509396 0.523040 0.017744 0.014249
2 0.520083 0.522906 0.016131 0.011829
2 0.492156 0.488628 0.009477 0.010485
2 0.498318 0.404889 0.007910 0.006328
2 0.492693 0.436999 0.006152 0.008203
2 0.573746 0.443490 0.014201 0.010773
2 0.582193 0.432717 0.015915 0.010120