6 0.915204 0.493469 0.065388 0.068290
6 0.490336 0.479435 0.045654 0.068194
2 0.924152 0.774759 0.053662 0.034893
6 0.812851 0.250436 0.012727 0.027146
6 0.677570 0.299699 0.031166 0.050102
6 0.658185 0.338187 0.034125 0.038811
6 0.878992 0.263392 0.009765 0.016500
6 0.715419 0.238189 0.008971 0.014668
6 0.766190 0.271569 0.012577 0.015960
6 0.888067 0.282200 0.014034 0.019169
6 0.853136 0.852834 0.068865 0.061243
6 0.762993 0.282817 0.012046 0.015718
6 0.940014 0.442642 0.044561 0.040676
6 0.869230 0.335695 0.017482 0.037934
6 0.873172 0.289991 0.016453 0.026051
6 0.768796 0.255713 0.010626 0.015082
6 0.759027 0.301645 0.016453 0.025594
6 0.754228 0.322441 0.015082 0.017824
6 0.743773 0.365402 0.024337 0.065356
6 0.566362 0.427239 0.040037 0.061060
6 0.518921 0.438391 0.040037 0.053382
6 0.544561 0.409324 0.035923 0.049360
6 0.565814 0.380804 0.030713 0.043510
6 0.585009 0.363620 0.023583 0.040585
6 0.598857 0.343510 0.025503 0.038391
6 0.611746 0.325229 0.020018 0.029616
6 0.624223 0.310603 0.019196 0.028885
6 0.642870 0.288483 0.016453 0.027057
6 0.650137 0.277148 0.013985 0.023400
6 0.657541 0.269287 0.014534 0.021572
6 0.664808 0.261243 0.013711 0.019378
6 0.671115 0.253748 0.013711 0.018282
6 0.676874 0.246801 0.013711 0.016088
6 0.645612 0.201280 0.025777 0.025229
6 0.587203 0.210969 0.013163 0.014625
6 0.649040 0.245704 0.038665 0.041682
6 0.603519 0.290311 0.062249 0.072395
6 0.265814 0.373857 0.074040 0.061792
6 0.324360 0.341865 0.056216 0.052651
6 0.359186 0.324497 0.045795 0.054479
6 0.873080 0.250823 0.013985 0.020475