2 0.517684 0.357720 0.020567 0.023555
2 0.556312 0.373014 0.018194 0.026016
2 0.303645 0.456353 0.021595 0.035192
2 0.624143 0.843007 0.036677 0.059872
2 0.396938 0.319182 0.021885 0.021632
0 0.135340 0.892153 0.010626 0.036534
2 0.449158 0.285283 0.031581 0.015792
2 0.471287 0.149613 0.011292 0.011023
1 0.176983 0.923998 0.030129 0.021670
2 0.495989 0.190872 0.013003 0.012410
2 0.498828 0.202138 0.018095 0.016725
2 0.466656 0.141722 0.012384 0.011297
1 0.175499 0.940072 0.028560 0.017479
1 0.170475 0.964580 0.032221 0.020567
3 0.546161 0.337329 0.017403 0.015821
2 0.395775 0.301511 0.026817 0.016400
2 0.412410 0.276643 0.033875 0.022045
2 0.454854 0.268712 0.033673 0.013711
2 0.445478 0.185504 0.018954 0.016131
2 0.446083 0.154049 0.010888 0.011829
2 0.485301 0.174078 0.011493 0.014787
2 0.481167 0.165206 0.012098 0.012098
2 0.450216 0.117082 0.022381 0.011023
2 0.439530 0.108748 0.017139 0.008872
0 0.544595 0.234105 0.003301 0.013880
0 0.549039 0.231566 0.003555 0.014219
1 0.322297 0.364954 0.017266 0.017604
0 0.391577 0.353443 0.006570 0.025899
0 0.426426 0.353062 0.005427 0.023614