6 0.715207 0.383296 0.025478 0.042366
6 0.880076 0.312706 0.016422 0.035753
6 0.721615 0.354774 0.020825 0.029271
6 0.867615 0.336596 0.017210 0.038742
2 0.931371 0.766415 0.050311 0.033053
6 0.811692 0.252717 0.010510 0.022703
6 0.733475 0.319674 0.015712 0.025652
6 0.903809 0.325595 0.017084 0.021613
6 0.745092 0.281129 0.011103 0.015361
6 0.726977 0.337379 0.016795 0.027252
6 0.697110 0.302091 0.020313 0.037454
6 0.679782 0.343015 0.033718 0.056231
6 0.796722 0.280777 0.013298 0.029643
6 0.747114 0.271071 0.009887 0.012663
6 0.697343 0.269997 0.010012 0.016555
6 0.708881 0.279319 0.014223 0.020581
6 0.757466 0.238641 0.009960 0.014316
6 0.691635 0.278690 0.010895 0.015631
6 0.729463 0.237908 0.010460 0.013070
6 0.915558 0.491915 0.063309 0.065182
6 0.702822 0.260668 0.008942 0.014883
6 0.748895 0.262154 0.009789 0.013341
6 0.754139 0.248997 0.009815 0.012177
6 0.733517 0.230291 0.008220 0.010639
6 0.752463 0.255225 0.009886 0.010882
6 0.854126 0.280277 0.010259 0.012368
6 0.714665 0.268793 0.011438 0.016892
6 0.642974 0.414040 0.033293 0.060255
6 0.810133 0.236935 0.007303 0.014107
6 0.091293 0.581581 0.108318 0.101920
6 0.741928 0.289787 0.011226 0.014003
6 0.723626 0.251539 0.013792 0.022425
6 0.750307 0.261230 0.010648 0.014198
6 0.851966 0.274100 0.009126 0.011524
6 0.685818 0.285780 0.014334 0.018091
6 0.660867 0.382707 0.028358 0.045121
6 0.901622 0.469378 0.044561 0.055759
6 0.941728 0.441728 0.037020 0.035192
6 0.861860 0.229662 0.013711 0.022395
6 0.674532 0.308729 0.023652 0.029707
6 0.572555 0.318784 0.048675 0.058044
6 0.639397 0.256627 0.043876 0.051645
6 0.608032 0.285192 0.031878 0.046618
6 0.645567 0.200640 0.028108 0.026508
6 0.391910 0.312614 0.033592 0.021938
2 0.895663 0.821790 0.060909 0.041837
2 0.864022 0.860638 0.072511 0.066798