2 0.706874 0.724095 0.028376 0.032323
2 0.615888 0.765418 0.024389 0.031571
2 0.685896 0.750007 0.030599 0.037857
2 0.836353 0.460301 0.011449 0.013856
2 0.788796 0.638013 0.018765 0.026366
2 0.720792 0.700677 0.024950 0.032772
2 0.757104 0.635269 0.026292 0.046376
2 0.843454 0.439232 0.010945 0.012817
2 0.035094 0.509570 0.019052 0.014973
2 0.775273 0.472686 0.015675 0.016405
2 0.833520 0.542151 0.013428 0.018301
7 0.644113 0.897129 0.066704 0.113952
2 0.125528 0.464545 0.019680 0.012666
7 0.074288 0.434698 0.029893 0.031673
2 0.093505 0.489146 0.020819 0.012456
2 0.105516 0.486121 0.015480 0.012811
2 0.115925 0.482918 0.018683 0.011388
2 0.155427 0.466726 0.017082 0.009609
2 0.098710 0.463523 0.020552 0.010320
2 0.185721 0.467616 0.020552 0.009253
2 0.185454 0.479715 0.013078 0.008541
2 0.151023 0.478292 0.017883 0.012100
2 0.147153 0.490036 0.016014 0.006406
2 0.137011 0.493772 0.020285 0.009609
2 0.128203 0.500534 0.018683 0.012456
2 0.091504 0.529893 0.023754 0.015658
2 0.078425 0.533986 0.023221 0.021708
2 0.569349 0.541222 0.017516 0.015569
2 0.489973 0.472272 0.021130 0.012604
2 0.619949 0.489880 0.019184 0.009267
2 0.761418 0.477461 0.014680 0.017200
2 0.753410 0.500593 0.010676 0.013049
2 0.859838 0.494069 0.010009 0.014828
2 0.865288 0.460854 0.008452 0.010676
2 0.867734 0.446471 0.008007 0.008007
2 0.890644 0.439798 0.008897 0.010676
2 0.892757 0.430012 0.007340 0.010676
2 0.875408 0.406139 0.006895 0.008007
2 0.876186 0.399466 0.009342 0.010676
2 0.876049 0.370586 0.005817 0.006616
2 0.874766 0.364769 0.005646 0.006387
2 0.871173 0.348230 0.005304 0.008441
2 0.869291 0.339447 0.004962 0.007300
0 0.825130 0.448073 0.003691 0.011602
2 0.676838 0.653324 0.038608 0.017319