6 0.324994 0.488183 0.027296 0.043545
6 0.106854 0.385307 0.011120 0.032322
6 0.179697 0.350311 0.010565 0.022983
6 0.229602 0.297672 0.003614 0.006673
6 0.264355 0.359950 0.009175 0.019276
2 0.016200 0.400652 0.013123 0.008897
2 0.012863 0.397242 0.005116 0.008007
2 0.006413 0.399170 0.005116 0.007711
2 0.010862 0.371590 0.005116 0.007117
2 0.008749 0.354093 0.004893 0.004745
7 0.003485 0.364917 0.006969 0.016904
7 0.021760 0.386269 0.015792 0.019870
2 0.555599 0.668703 0.029756 0.017794
2 0.558124 0.676878 0.030838 0.013465
2 0.561731 0.687097 0.030478 0.013225
2 0.586798 0.659926 0.022543 0.012263
2 0.586347 0.667019 0.022362 0.012504
2 0.592569 0.677239 0.023264 0.018515
2 0.593741 0.682769 0.020198 0.016591
2 0.597708 0.687338 0.023084 0.014187
7 0.574535 0.705612 0.037330 0.023805
2 0.404336 0.397312 0.009833 0.013579