6 0.842667 0.810877 0.053806 0.092257
6 0.827285 0.894881 0.055119 0.091773
6 0.864034 0.681087 0.040032 0.057707
6 0.916532 0.601619 0.031210 0.040069
6 0.870309 0.603531 0.030147 0.034044
6 0.864338 0.505636 0.021310 0.023868
6 0.924270 0.684524 0.038369 0.047265
6 0.926299 0.731882 0.042205 0.057921
6 0.813528 0.967779 0.061015 0.064442
6 0.921409 0.641922 0.034373 0.048249
6 0.868946 0.636724 0.033719 0.040385
6 0.869849 0.572872 0.026177 0.034241
6 0.864782 0.526054 0.024794 0.023589
6 0.868440 0.546795 0.026295 0.025514
6 0.855284 0.737387 0.046334 0.072673
2 0.966728 0.421024 0.009872 0.009141
2 0.963406 0.445258 0.013773 0.011129
2 0.996083 0.472088 0.007833 0.014606
6 0.916455 0.889195 0.055024 0.108995
2 0.917367 0.411335 0.009324 0.009506
2 0.929495 0.427574 0.011394 0.011396
6 0.924909 0.795978 0.043053 0.081901