2 0.563663 0.896626 0.045808 0.048197
2 0.723116 0.695730 0.030297 0.034499
2 0.596383 0.859024 0.038329 0.047781
2 0.669709 0.770626 0.030076 0.036268
2 0.629726 0.920725 0.042692 0.047366
2 0.690828 0.744088 0.029855 0.036858
2 0.769612 0.617297 0.018687 0.022704
2 0.762148 0.634399 0.019461 0.025653
2 0.103216 0.461742 0.019806 0.012040
0 0.803392 0.672468 0.005971 0.026347
2 0.149926 0.463264 0.019467 0.014603
2 0.892602 0.437510 0.009317 0.011586
2 0.877660 0.368403 0.006152 0.008825
0 0.800052 0.517660 0.003714 0.016048
2 0.873969 0.413138 0.007559 0.011554
2 0.864037 0.409198 0.008086 0.009898
2 0.073102 0.437493 0.020562 0.022573
2 0.678124 0.651206 0.040668 0.017987
2 0.876566 0.400790 0.006426 0.006088
2 0.865054 0.330240 0.011473 0.007500
2 0.871771 0.344068 0.005274 0.005625
2 0.873982 0.351880 0.005475 0.006250
2 0.859155 0.366021 0.006759 0.009103
2 0.625859 0.487743 0.026247 0.011717
2 0.719025 0.792888 0.030518 0.032435
2 0.894535 0.425866 0.007207 0.010313
2 0.864476 0.400084 0.007910 0.008438
2 0.870277 0.337974 0.005098 0.005156