2 0.615771 0.768703 0.025840 0.031290
2 0.688810 0.747434 0.032696 0.037266
2 0.623067 0.491197 0.025488 0.012544
2 0.767311 0.500866 0.027044 0.015233
2 0.761189 0.638096 0.020303 0.026016
2 0.594248 0.862160 0.040938 0.048747
2 0.892236 0.429968 0.007119 0.010547
2 0.766686 0.620941 0.016691 0.021942
2 0.676789 0.654794 0.039862 0.017549
2 0.875888 0.371080 0.005010 0.007383
2 0.875360 0.405549 0.007647 0.010227
2 0.859269 0.494346 0.011353 0.014145
2 0.804168 0.634229 0.022412 0.023907
2 0.704894 0.725461 0.026368 0.032696
2 0.718869 0.705421 0.023731 0.028477
2 0.869032 0.341373 0.003955 0.006328
2 0.870878 0.346822 0.003955 0.007383
2 0.072203 0.440163 0.019776 0.021094