2 0.440903 0.233088 0.029243 0.019231
0 0.528028 0.973802 0.010735 0.040021
2 0.824029 0.070967 0.014580 0.022984
0 0.588576 0.897823 0.011300 0.035413
0 0.660888 0.673831 0.008469 0.032162
0 0.617519 0.489921 0.008043 0.026985
0 0.604969 0.495771 0.007595 0.023861
0 0.554627 0.661508 0.008357 0.032088
0 0.646620 0.982410 0.011520 0.032484
0 0.816809 0.830026 0.010501 0.037261
0 0.346960 0.813444 0.008835 0.028063
2 0.507730 0.128542 0.012088 0.011228
0 0.694832 0.407993 0.006100 0.020302
0 0.545655 0.770407 0.010742 0.020244
1 0.653396 0.388209 0.015367 0.011940
0 0.337745 0.822811 0.008944 0.035237
0 0.795039 0.881699 0.009723 0.035027
0 0.598642 0.907455 0.009036 0.029129
0 0.361133 0.307480 0.005097 0.017860
0 0.355333 0.806038 0.009416 0.032043
0 0.554420 0.587782 0.011898 0.022695
0 0.660286 0.513407 0.007871 0.016239
0 0.315030 0.434727 0.006366 0.021493
0 0.686471 0.406594 0.005410 0.020219
0 0.438689 0.885070 0.012172 0.015357
0 0.429298 0.871704 0.009930 0.018850
0 0.651986 0.513706 0.005289 0.013037
0 0.367764 0.819909 0.008684 0.040256
0 0.708959 0.414203 0.006683 0.026379
1 0.654086 0.394046 0.017475 0.012790
0 0.328704 0.521077 0.006821 0.020004
2 0.475622 0.281370 0.012502 0.015555
0 0.669620 0.573701 0.006686 0.013810
2 0.489661 0.166267 0.009929 0.013554
2 0.516611 0.186125 0.008983 0.012923
2 0.418387 0.193375 0.010638 0.014814
2 0.418860 0.180136 0.009692 0.012293
2 0.141918 0.051693 0.007565 0.008195
2 0.143455 0.042237 0.005437 0.006304
2 0.145110 0.035460 0.005910 0.006619
0 0.375876 0.270414 0.004342 0.016149
0 0.298179 0.440433 0.005713 0.023461
0 0.389587 0.481414 0.006627 0.020719
10 0.323888 0.529250 0.005941 0.007922
0 0.323088 0.508531 0.004799 0.017063
0 0.505104 0.585314 0.010969 0.021938
0 0.472425 0.767672 0.015996 0.029555
0 0.458600 0.766606 0.012112 0.024375
0 0.407069 0.808806 0.012340 0.027118
0 0.444660 0.871268 0.013483 0.025899
0 0.521785 0.702773 0.016910 0.024071
0 0.521214 0.981718 0.012569 0.034126
0 0.781498 0.888178 0.008455 0.039610
0 0.840113 0.900061 0.018282 0.028032
0 0.756132 0.676417 0.005713 0.026204
0 0.689633 0.664381 0.005256 0.022243
0 0.694432 0.668647 0.006170 0.028336
0 0.718312 0.658440 0.006399 0.022547
0 0.740649 0.606749 0.007782 0.016799
0 0.674595 0.544864 0.006856 0.021493
0 0.716377 0.512871 0.004076 0.016799
0 0.686360 0.486190 0.009264 0.014823
0 0.479304 0.397623 0.004262 0.021987
0 0.475320 0.399106 0.005188 0.019517
0 0.463554 0.380701 0.006485 0.019764
0 0.458459 0.382430 0.003706 0.019764
0 0.448268 0.376130 0.007041 0.020011
0 0.530350 0.324621 0.003706 0.019270
0 0.146646 0.837326 0.008983 0.034987
0 0.147592 0.822039 0.009456 0.030259
0 0.236478 0.807067 0.007565 0.028683