2 0.931566 0.659234 0.020697 0.021072
2 0.318065 0.660650 0.020204 0.019355
2 0.965156 0.909349 0.045014 0.030681
2 0.292631 0.668801 0.022445 0.020833
2 0.526491 0.466657 0.017078 0.014833
2 0.436272 0.891264 0.023907 0.034232
2 0.540999 0.473170 0.018474 0.015234
2 0.255743 0.605321 0.026102 0.030058
2 0.870460 0.875719 0.045966 0.034261
2 0.841680 0.517235 0.024355 0.014527
2 0.026201 0.981529 0.019148 0.030259
2 0.045349 0.566412 0.014420 0.013869
2 0.238133 0.579336 0.015602 0.016390
2 0.222649 0.562945 0.017257 0.018282
2 0.496278 0.492038 0.014974 0.010344
2 0.506832 0.489632 0.016237 0.011306
2 0.598252 0.459851 0.014766 0.011250
2 0.588583 0.451882 0.009844 0.015000
2 0.576982 0.444382 0.017227 0.012656
2 0.494187 0.436413 0.007031 0.009375
2 0.496033 0.429499 0.006504 0.006328
2 0.496473 0.423639 0.005977 0.004453
2 0.496648 0.419538 0.005274 0.005156
2 0.498934 0.416022 0.004570 0.005625
2 0.499988 0.411100 0.004570 0.006094
0 0.994135 0.611517 0.003199 0.012797