2 0.254131 0.905722 0.042448 0.078150
2 0.295093 0.495465 0.026484 0.041744
0 0.651078 0.552040 0.008040 0.029639
2 0.369066 0.286170 0.016797 0.027437
2 0.316959 0.407490 0.020969 0.030005
2 0.266016 0.612936 0.027919 0.041120
2 0.288268 0.535156 0.025518 0.043872
2 0.376510 0.260931 0.014997 0.021152
2 0.576189 0.451389 0.023467 0.029536
2 0.510311 0.321376 0.017960 0.020429
0 0.717194 0.898275 0.011421 0.034452
2 0.489971 0.247950 0.014901 0.018350
2 0.279244 0.570452 0.024785 0.046675
0 0.174242 0.633519 0.007574 0.029401
2 0.494520 0.330442 0.015178 0.022044
2 0.477287 0.206222 0.013904 0.015228
0 0.263513 0.437542 0.005975 0.023840
0 0.586338 0.329299 0.005749 0.019317
0 0.644970 0.481795 0.006151 0.021344
2 0.377733 0.231225 0.013310 0.018847
0 0.619130 0.438705 0.005479 0.021340
2 0.587186 0.487526 0.024953 0.031691
2 0.450475 0.118816 0.022051 0.012300
0 0.458669 0.182115 0.003907 0.013209
0 0.562014 0.322410 0.004815 0.020079
0 0.183793 0.634904 0.008373 0.029703
0 0.611924 0.437096 0.005457 0.020100
0 0.252869 0.767436 0.010092 0.029722
2 0.597959 0.528173 0.027024 0.036403
0 0.155637 0.815764 0.007322 0.022072
0 0.155545 0.763269 0.007030 0.023003
0 0.140593 0.811247 0.009131 0.033246
0 0.441562 0.541300 0.007726 0.022476
0 0.409428 0.452800 0.005268 0.018730
0 0.257188 0.438987 0.004917 0.021071
0 0.321455 0.371558 0.006321 0.021071
0 0.698984 0.643145 0.008429 0.024817
0 0.546270 0.348787 0.003506 0.016805
0 0.575779 0.331323 0.003707 0.016146
0 0.574173 0.321108 0.003460 0.015487
0 0.569107 0.321273 0.003707 0.017794
0 0.452625 0.181590 0.003813 0.014298
1 0.326918 0.348564 0.015013 0.009532
1 0.328824 0.336490 0.016920 0.013345
1 0.545803 0.328546 0.018111 0.014616
1 0.177618 0.925108 0.029073 0.020653
1 0.174163 0.940519 0.030265 0.017794
3 0.555663 0.357806 0.016827 0.013152
3 0.319656 0.376373 0.017117 0.012378
2 0.455854 0.283364 0.030468 0.015573
2 0.413929 0.247513 0.028059 0.013231
2 0.417265 0.256182 0.031310 0.017337
2 0.424369 0.270330 0.027930 0.019297
2 0.416239 0.285952 0.028915 0.017565
2 0.408540 0.291199 0.029257 0.018934
2 0.404947 0.300552 0.031652 0.018022
2 0.496053 0.194133 0.012661 0.014144
2 0.491348 0.185464 0.011463 0.013687
2 0.461493 0.140752 0.012319 0.010494
2 0.467567 0.148964 0.009410 0.011862
2 0.473469 0.157405 0.009923 0.010037
2 0.480826 0.162652 0.013003 0.011406
2 0.482452 0.172461 0.011121 0.010950
2 0.441218 0.109043 0.017280 0.009581
0 0.225980 0.446374 0.004570 0.024375
0 0.455451 0.503504 0.006475 0.019805