2 0.737946 0.852841 0.019293 0.029033
2 0.468295 0.984969 0.026914 0.030062
2 0.768340 0.801900 0.015616 0.025133
2 0.766893 0.753478 0.016250 0.028183
2 0.558687 0.809844 0.017774 0.033935
2 0.531392 0.745819 0.017012 0.029792
2 0.503589 0.835534 0.021836 0.037240
2 0.524007 0.771994 0.017985 0.031609
2 0.753539 0.590199 0.019939 0.015965
2 0.514253 0.801510 0.021328 0.038933
2 0.589453 0.587421 0.020186 0.019551
2 0.741883 0.928296 0.020059 0.033855
2 0.770459 0.599329 0.012759 0.016959
2 0.497241 0.870912 0.023868 0.041641
0 0.466613 0.906881 0.006383 0.021939
0 0.483203 0.908192 0.006600 0.018924
0 0.428670 0.983880 0.007092 0.023122
0 0.723131 0.812765 0.006189 0.018768
0 0.807693 0.709851 0.004933 0.018619
2 0.769172 0.626522 0.013614 0.018533
0 0.744661 0.574573 0.003917 0.012972
0 0.415446 0.994915 0.005740 0.010170
2 0.614578 0.994364 0.061291 0.011272
2 0.769560 0.876160 0.019551 0.030469
2 0.801425 0.852292 0.022852 0.049766
2 0.769813 0.829609 0.014473 0.030808
7 0.645144 0.652719 0.021075 0.044011
2 0.776457 0.541464 0.026661 0.013965
2 0.776838 0.529149 0.028184 0.017774
0 0.750368 0.535624 0.003047 0.013457
0 0.730373 0.778616 0.004190 0.018535
0 0.720756 0.779504 0.003999 0.021328
0 0.514365 0.707306 0.004019 0.017021
0 0.541196 0.855450 0.008983 0.019542
0 0.519802 0.851195 0.009692 0.020488
0 0.650058 0.935983 0.006383 0.025531
0 0.436826 0.928734 0.006383 0.021749
0 0.715659 0.815577 0.005201 0.019227
0 0.672043 0.828185 0.004964 0.014184
0 0.705021 0.831652 0.005201 0.019227
0 0.573938 0.839847 0.004964 0.024901
0 0.502072 0.746233 0.005437 0.020488
0 0.838543 0.882737 0.008569 0.024158