8 0.732540 0.701512 0.136788 0.216192
6 0.849310 0.514770 0.022732 0.026941
6 0.902350 0.608229 0.029226 0.042081
6 0.984280 0.663245 0.031439 0.054247
2 0.986371 0.478697 0.018906 0.011368
6 0.851294 0.536419 0.020206 0.023092
6 0.854000 0.555422 0.024897 0.030309
6 0.855444 0.578755 0.026340 0.038487
6 0.856346 0.610748 0.030309 0.038969
6 0.854902 0.642740 0.031752 0.043298
6 0.849490 0.687963 0.039690 0.056769
6 0.842815 0.744010 0.042938 0.076494
6 0.828562 0.817618 0.052680 0.092851
6 0.815753 0.900366 0.058092 0.091889
6 0.802223 0.972433 0.059896 0.055133
6 0.906860 0.647792 0.032474 0.048590
6 0.909927 0.692533 0.036443 0.050515
6 0.911371 0.740162 0.036443 0.059174
6 0.911912 0.802944 0.042577 0.085635
6 0.906825 0.900654 0.051309 0.114596
6 0.989512 0.712499 0.020976 0.071202
6 0.995285 0.767343 0.009429 0.068315