7 0.166463 0.536107 0.032541 0.045183
7 0.214995 0.541810 0.028517 0.044837
0 0.236721 0.540121 0.003673 0.019261
2 0.146497 0.533266 0.013711 0.028402
2 0.300503 0.563626 0.012732 0.019914
7 0.128624 0.642465 0.048479 0.086184
6 0.158488 0.915410 0.051702 0.082648
6 0.154631 0.975320 0.059986 0.049360
2 0.926118 0.252426 0.010020 0.005625
7 0.422629 0.239945 0.008701 0.005274
7 0.838446 0.245394 0.034542 0.009141
2 0.772630 0.246801 0.005444 0.003226
2 0.734118 0.247070 0.005041 0.003764
2 0.713753 0.245457 0.004638 0.002688
2 0.603358 0.242096 0.006856 0.003495
2 0.533290 0.240348 0.007864 0.003764
2 0.470783 0.241693 0.005041 0.002688