0 0.643034 0.721372 0.009527 0.031095
0 0.327737 0.861942 0.010250 0.034882
0 0.804417 0.833480 0.011039 0.034094
0 0.313833 0.863616 0.010447 0.030532
0 0.791258 0.832672 0.009993 0.033635
0 0.298274 0.864500 0.010225 0.036653
0 0.691110 0.395926 0.007264 0.020583
2 0.824486 0.071869 0.013636 0.019468
2 0.495601 0.210672 0.015943 0.018088
0 0.633883 0.723441 0.010040 0.036534
0 0.202348 0.721903 0.008161 0.032646
0 0.665916 0.396753 0.008161 0.018717
2 0.523348 0.232932 0.021040 0.018282
2 0.519093 0.192114 0.010165 0.016706
2 0.517202 0.172256 0.008274 0.013554
2 0.417914 0.194635 0.010165 0.016706