6 0.658679 0.336003 0.031515 0.041239
6 0.674640 0.302788 0.024878 0.041485
6 0.869738 0.335501 0.022453 0.041777
6 0.915458 0.489477 0.064625 0.073238
6 0.581844 0.310037 0.080412 0.093615
6 0.715653 0.237631 0.009619 0.014806
6 0.695916 0.269889 0.013882 0.019086
6 0.798382 0.232061 0.009901 0.018312
6 0.709018 0.248144 0.011177 0.019440
6 0.779302 0.829525 0.202863 0.258019
6 0.685694 0.283710 0.014707 0.019650
6 0.720641 0.229945 0.009246 0.014426
6 0.701435 0.260161 0.013885 0.019783
6 0.812340 0.250012 0.012278 0.026472
6 0.888302 0.282727 0.013266 0.020332
6 0.922646 0.680156 0.131191 0.186139
6 0.871624 0.284958 0.011130 0.017817
6 0.725862 0.221343 0.008830 0.011853
6 0.690351 0.278036 0.013348 0.019173
6 0.636738 0.255111 0.046119 0.051521
6 0.810464 0.235583 0.007790 0.012465
6 0.810152 0.224157 0.006544 0.011218
6 0.882292 0.312864 0.021813 0.043211
6 0.900210 0.469295 0.043938 0.052767
6 0.941655 0.442496 0.038952 0.039056
6 0.862193 0.535566 0.049547 0.048197
6 0.987577 0.602875 0.024846 0.082267
6 0.616327 0.935641 0.176687 0.128718