6 0.324670 0.488200 0.025137 0.041272
2 0.224463 0.888483 0.042847 0.028336
2 0.574366 0.706219 0.034768 0.025783
6 0.264632 0.360471 0.008102 0.018630
6 0.107058 0.386814 0.009556 0.030206
2 0.013242 0.372428 0.004922 0.005625
6 0.164291 0.378511 0.014750 0.039610
2 0.038544 0.420124 0.010525 0.006797
7 0.018340 0.385011 0.009141 0.014678
7 0.326611 0.864945 0.070270 0.057130
2 0.555272 0.667159 0.030411 0.015235
2 0.585331 0.667393 0.020918 0.013828
2 0.598427 0.693292 0.022500 0.015469
2 0.432594 0.406764 0.007479 0.007479
2 0.419610 0.401224 0.005609 0.007479
7 0.400809 0.437510 0.012880 0.020220
2 0.012715 0.399616 0.006328 0.008438