2 0.739737 0.766115 0.016319 0.023495
2 0.762203 0.627897 0.013497 0.018473
2 0.510558 0.837532 0.022654 0.036808
2 0.476364 0.959567 0.025484 0.041131
0 0.680745 0.816236 0.005928 0.022136
2 0.771793 0.611402 0.011692 0.019199
0 0.403151 0.924206 0.005744 0.022728
0 0.436688 0.934952 0.005744 0.021493
0 0.446323 0.935323 0.004262 0.020258
0 0.685156 0.814887 0.004262 0.019023
0 0.833385 0.794259 0.004632 0.019764
0 0.799200 0.675182 0.004076 0.014329
0 0.789843 0.659618 0.004262 0.014823
0 0.794567 0.568704 0.002223 0.010870
0 0.791232 0.568210 0.002965 0.012846
0 0.749543 0.489649 0.002594 0.011858
0 0.740464 0.489031 0.003706 0.011611
0 0.799107 0.444933 0.002038 0.006423
0 0.770110 0.417264 0.001482 0.007411
0 0.768349 0.416646 0.002038 0.007658
0 0.573243 0.546964 0.003150 0.013835
0 0.570186 0.545481 0.002965 0.013835
2 0.598628 0.537947 0.009079 0.012105
2 0.576023 0.594768 0.013526 0.020011
2 0.572224 0.610702 0.015935 0.021246
2 0.770943 0.598226 0.013155 0.017046
2 0.742317 0.699022 0.010747 0.020505
2 0.768349 0.753002 0.012785 0.020258
2 0.767516 0.774124 0.014452 0.017540
2 0.765941 0.798335 0.017232 0.033846
2 0.764922 0.830451 0.016305 0.029399
2 0.774464 0.962745 0.019084 0.038539
2 0.516731 0.799694 0.020567 0.035575
2 0.499592 0.872820 0.022975 0.041010
2 0.466889 0.987302 0.025384 0.025396
2 0.608102 0.997450 0.033195 0.005100
2 0.738826 0.358224 0.003782 0.006619
2 0.730552 0.351920 0.010402 0.007250
2 0.757617 0.357404 0.003199 0.007922
2 0.755332 0.365478 0.003199 0.005789
2 0.757046 0.371420 0.003885 0.006703
2 0.566347 0.265235 0.003656 0.004570
2 0.562233 0.262035 0.003199 0.003047