2 0.608623 0.563681 0.026116 0.034822
2 0.263928 0.611543 0.034955 0.054373
2 0.577773 0.453121 0.022525 0.031340
2 0.618580 0.607643 0.031013 0.040916
2 0.415358 0.368156 0.044513 0.026597
2 0.588709 0.482502 0.023505 0.032646
2 0.302829 0.462493 0.020322 0.035720
2 0.264270 0.470287 0.028852 0.061193
2 0.597850 0.519718 0.024158 0.033081
2 0.552917 0.374201 0.021310 0.025846
2 0.291321 0.499071 0.022281 0.044891
2 0.493521 0.260564 0.017787 0.020359
2 0.317376 0.754815 0.028359 0.056211
2 0.514023 0.337773 0.014509 0.018282
2 0.282607 0.538231 0.025018 0.044208
2 0.373621 0.275921 0.014869 0.022920
0 0.641812 0.563657 0.007345 0.025619
0 0.603977 0.934342 0.014411 0.032151
0 0.305261 0.833078 0.010502 0.038668
2 0.243577 0.899859 0.040889 0.084518
0 0.678106 0.588422 0.007459 0.030095
0 0.266297 0.961960 0.010109 0.034062
0 0.247309 0.413615 0.006632 0.020790
2 0.352654 0.232340 0.014201 0.015477
2 0.363060 0.326782 0.016894 0.026116
0 0.754764 0.985561 0.013234 0.028878
2 0.491521 0.240379 0.014820 0.018547
2 0.349252 0.245357 0.012681 0.018006
0 0.657349 0.600427 0.008548 0.027384
0 0.264858 0.381491 0.006346 0.021024
0 0.608392 0.448664 0.006121 0.024249
1 0.322033 0.351417 0.016191 0.012706
0 0.598839 0.447440 0.006515 0.021916
0 0.383191 0.381333 0.007228 0.022059
0 0.296752 0.416069 0.005791 0.019684
2 0.459722 0.255580 0.032466 0.014003
0 0.272901 0.379597 0.005207 0.018265
0 0.587334 0.324426 0.004458 0.016394
2 0.463291 0.278159 0.033707 0.019043
0 0.514078 0.311908 0.005166 0.019445
2 0.414122 0.254477 0.030970 0.016407
2 0.456003 0.121721 0.024523 0.014700
0 0.184814 0.614523 0.008484 0.030482
1 0.164273 0.976587 0.031905 0.022953
0 0.293842 0.292985 0.005038 0.014989
2 0.410133 0.279347 0.040507 0.021928
0 0.281273 0.324710 0.004531 0.016927
0 0.593225 0.354635 0.005019 0.018360
0 0.170470 0.695570 0.006800 0.018705
2 0.436763 0.105922 0.017139 0.011571
0 0.252625 0.368125 0.005362 0.016597
0 0.166975 0.688928 0.007931 0.025988
0 0.430931 0.161296 0.003004 0.011985
2 0.635202 0.901345 0.041623 0.073779
0 0.434056 0.161175 0.002735 0.012445
0 0.183435 0.667132 0.006788 0.026016
0 0.307440 0.318539 0.004357 0.015574
1 0.166914 0.953447 0.030154 0.019530
0 0.472237 0.215750 0.004141 0.013348
0 0.316653 0.924892 0.009623 0.026411
0 0.298925 0.316660 0.004183 0.014924
1 0.173126 0.938757 0.031261 0.020110
1 0.177239 0.924314 0.029068 0.021207
1 0.347669 0.875686 0.028793 0.019744
1 0.546936 0.326293 0.015425 0.006203
1 0.555506 0.333964 0.007100 0.009141
1 0.543631 0.321722 0.014691 0.006203
1 0.327068 0.343595 0.014935 0.008814
3 0.547181 0.340494 0.014446 0.009794
0 0.487440 0.781209 0.008569 0.028728
0 0.511924 0.751175 0.009059 0.029381
0 0.589049 0.927951 0.005631 0.019261
0 0.585254 0.935133 0.006366 0.023178
0 0.564442 0.921912 0.005876 0.022199
0 0.344207 0.962392 0.005631 0.024811
0 0.302339 0.957822 0.009059 0.030687
0 0.316173 0.972512 0.008814 0.030034
0 0.315193 0.946722 0.008325 0.030034
0 0.340412 0.986583 0.008814 0.026834
0 0.341514 0.846011 0.007100 0.033625
0 0.327680 0.809774 0.006856 0.031013
0 0.330863 0.792962 0.008814 0.030034
0 0.507761 0.654871 0.005631 0.020893
0 0.510822 0.646220 0.004407 0.023831
0 0.510700 0.616022 0.005631 0.020240
0 0.440185 0.618308 0.007100 0.019587
0 0.449979 0.475973 0.006611 0.022199
0 0.437247 0.466016 0.009549 0.018608
0 0.420843 0.473198 0.004162 0.019261
0 0.419618 0.407091 0.006611 0.019587
0 0.382035 0.368406 0.004897 0.019914
0 0.286424 0.381627 0.005142 0.020240
0 0.281650 0.382933 0.004407 0.018282
0 0.243455 0.424066 0.004407 0.016323
0 0.256064 0.386361 0.004652 0.017955
0 0.290342 0.329557 0.004652 0.019914
0 0.303931 0.303278 0.004407 0.016323
0 0.189957 0.667929 0.007100 0.032646
0 0.737423 0.825770 0.009549 0.026443
0 0.670704 0.589580 0.006856 0.024811
0 0.602515 0.393053 0.005142 0.018282
0 0.583173 0.332332 0.003183 0.015017
0 0.582561 0.322865 0.004897 0.017629
0 0.575093 0.333312 0.003673 0.015670
0 0.569584 0.334781 0.003917 0.014038
0 0.541427 0.317152 0.004897 0.014691
0 0.399296 0.204035 0.002693 0.011752
0 0.333067 0.180857 0.001959 0.011100
0 0.336372 0.180857 0.002204 0.012405
0 0.261573 0.337719 0.006856 0.025137
2 0.573202 0.612649 0.025790 0.044833
7 0.396263 0.453556 0.025790 0.062680
2 0.412640 0.751502 0.072963 0.049621
2 0.429680 0.204017 0.030088 0.013457
2 0.399115 0.297583 0.027232 0.018789
2 0.410065 0.287172 0.036563 0.014219
2 0.458244 0.293901 0.037706 0.011426
2 0.479478 0.161233 0.010855 0.010664
2 0.471575 0.154758 0.011045 0.011426
0 0.462434 0.264321 0.003047 0.011172
0 0.467004 0.264828 0.004190 0.008633
2 0.458244 0.247182 0.029327 0.011934
2 0.447961 0.115148 0.019805 0.008887