2 0.988667 0.915624 0.022666 0.029220
2 0.888218 0.881407 0.045793 0.030808
2 0.362922 0.703670 0.021836 0.024037
2 0.328264 0.666768 0.023106 0.025391
2 0.983733 0.622249 0.017266 0.018282
2 0.953661 0.904787 0.046729 0.033731
2 0.286524 0.612601 0.021385 0.019974
2 0.351116 0.665245 0.018535 0.018959
2 0.438461 0.889808 0.019043 0.030006
2 0.593464 0.506424 0.013738 0.010590
2 0.508691 0.486630 0.014719 0.011255
2 0.525729 0.462684 0.016937 0.013442
2 0.238650 0.576646 0.014991 0.015576
2 0.542263 0.469405 0.018147 0.014518
2 0.949582 0.645270 0.022598 0.020990
2 0.211720 0.548170 0.011424 0.012990
2 0.590633 0.447708 0.009232 0.014360
2 0.026721 0.874607 0.040766 0.034577
2 0.496843 0.488896 0.013411 0.012100
2 0.534052 0.519591 0.020858 0.013620
2 0.597712 0.457845 0.017341 0.011292
2 0.495544 0.438540 0.008750 0.010321
2 0.523712 0.522368 0.023390 0.013442
2 0.995294 0.586375 0.009412 0.012164
2 0.546621 0.518205 0.015913 0.014679
2 0.222467 0.579103 0.020067 0.017118
2 0.495968 0.430715 0.007097 0.007038
2 0.176425 0.493940 0.007871 0.010834
2 0.222891 0.560126 0.014473 0.013880
2 0.248663 0.587548 0.014219 0.015235
2 0.287638 0.630882 0.024121 0.023360
0 0.367366 0.906290 0.004824 0.019636
0 0.361018 0.906121 0.006348 0.020651
2 0.987288 0.575191 0.018282 0.012188
2 0.776034 0.518315 0.017266 0.017604
2 0.951232 0.452129 0.019805 0.013880
2 0.572609 0.445881 0.016332 0.009947
2 0.501936 0.407302 0.006856 0.007528
2 0.572508 0.484998 0.025406 0.020432