2 0.953843 0.438651 0.016536 0.017020
2 0.941368 0.423758 0.009574 0.009670
2 0.914854 0.410508 0.009802 0.009711
2 0.931095 0.407740 0.008651 0.009353
2 0.968256 0.421915 0.010761 0.010645
2 0.993530 0.453737 0.012939 0.011605
2 0.914721 0.394167 0.009487 0.008510
2 0.912792 0.386817 0.008703 0.010831
2 0.926427 0.390299 0.006382 0.009284
2 0.926917 0.376248 0.006457 0.009184
2 0.928639 0.368930 0.007749 0.007749
2 0.913249 0.375818 0.008395 0.008323
6 0.990547 0.660468 0.018906 0.061149
2 0.996114 0.472233 0.007772 0.013579
6 0.995430 0.703839 0.009140 0.060329