6 0.803841 0.811740 0.188677 0.229314
6 0.721270 0.353884 0.021884 0.029353
6 0.667820 0.430173 0.032693 0.063906
6 0.090741 0.580820 0.102262 0.093693
6 0.869274 0.337016 0.018519 0.040121
6 0.879534 0.313552 0.016427 0.034941
6 0.715373 0.383384 0.025452 0.039210
6 0.900773 0.477788 0.059197 0.076473
6 0.849283 0.517400 0.053680 0.069852
6 0.732894 0.320116 0.015452 0.022385
6 0.625757 0.923456 0.219950 0.153088
6 0.711037 0.271938 0.020567 0.030165
6 0.679945 0.339733 0.035061 0.056742
6 0.698697 0.298446 0.025366 0.040219
6 0.013493 0.547805 0.026986 0.058974
6 0.659916 0.384411 0.031303 0.055015
6 0.740207 0.216239 0.013092 0.019990
6 0.024794 0.636350 0.049588 0.078306
6 0.728390 0.334475 0.016670 0.022421
6 0.918065 0.492066 0.043688 0.052569
6 0.746686 0.269653 0.013026 0.010055
6 0.745371 0.279125 0.011598 0.013178
6 0.784201 0.245242 0.013134 0.035756
6 0.721798 0.253613 0.016037 0.021111
6 0.645395 0.200411 0.026394 0.026965
6 0.797284 0.275366 0.013179 0.029707
6 0.730546 0.235230 0.015709 0.023142
2 0.870887 0.857404 0.060329 0.045704
6 0.740345 0.288848 0.014054 0.012797
6 0.755599 0.238117 0.010283 0.012797
6 0.811986 0.251143 0.007884 0.020567
6 0.904707 0.325222 0.016453 0.017744
6 0.749086 0.264168 0.010283 0.011883
6 0.750628 0.257084 0.009255 0.013254
6 0.754056 0.249543 0.009255 0.011883
6 0.857792 0.292505 0.011625 0.012718
6 0.810995 0.238256 0.007452 0.014705
6 0.810101 0.224346 0.006856 0.012320