2 0.449506 0.252569 0.014219 0.026380
2 0.467026 0.296059 0.017266 0.023360
0 0.733098 0.695358 0.010663 0.035758
0 0.336824 0.557898 0.008011 0.029025
0 0.272305 0.623170 0.007322 0.029955
0 0.572616 0.632381 0.008588 0.028871
0 0.629617 0.495301 0.008279 0.023728
0 0.272552 0.546018 0.007582 0.024179
0 0.687622 0.936778 0.013936 0.041544
2 0.824403 0.070612 0.013238 0.021769
0 0.467432 0.759468 0.011093 0.027627
0 0.597473 0.761200 0.010718 0.024649
0 0.327134 0.421282 0.005953 0.020685
0 0.406851 0.199063 0.003468 0.011946
0 0.757849 0.699914 0.009888 0.030051
0 0.559417 0.632529 0.006756 0.020778
0 0.797265 0.846360 0.009671 0.034284
2 0.992917 0.073315 0.010006 0.011095
0 0.319034 0.563850 0.008506 0.025113
0 0.816942 0.843485 0.010438 0.037535
0 0.743348 0.563235 0.009596 0.026820
1 0.651455 0.395566 0.019140 0.012016
0 0.253811 0.664036 0.010618 0.025318
0 0.808974 0.842187 0.010383 0.039036
0 0.385038 0.264060 0.004134 0.017369
0 0.319839 0.417014 0.006007 0.023725
0 0.401580 0.196810 0.004215 0.015012
2 0.519956 0.249171 0.028164 0.025730
2 0.472865 0.276088 0.015235 0.016594
2 0.463318 0.332081 0.015540 0.029859
2 0.451410 0.186032 0.012442 0.015912
0 0.495717 0.119043 0.003047 0.011296
0 0.775120 0.820600 0.014176 0.039702
0 0.325363 0.568746 0.006738 0.019621
2 0.421332 0.182598 0.010643 0.016685
5 0.397962 0.455007 0.040118 0.095470
2 0.419798 0.194664 0.011680 0.016250
2 0.522124 0.192295 0.010664 0.018282
2 0.550181 0.074480 0.006348 0.012188
2 0.134276 0.041641 0.005840 0.006771
2 0.123993 0.035547 0.005586 0.006771
2 0.146083 0.036563 0.005078 0.006094
0 0.381459 0.264410 0.003025 0.015862
0 0.530366 0.319389 0.004033 0.020970
0 0.532282 0.357028 0.003831 0.017206
0 0.367950 0.307157 0.003831 0.016400
0 0.360489 0.307963 0.003025 0.015862
0 0.355549 0.307694 0.003629 0.014787
0 0.355448 0.364152 0.003831 0.018550
0 0.348189 0.365631 0.003831 0.018282
0 0.253421 0.632729 0.006251 0.030380
0 0.227108 0.638644 0.006049 0.022314
0 0.226503 0.664991 0.009275 0.026078
0 0.256748 0.733143 0.010485 0.016668
0 0.257151 0.746989 0.012501 0.022852
0 0.108043 0.836111 0.007460 0.029573
10 0.114192 0.838128 0.007662 0.009410
0 0.149277 0.843370 0.008469 0.023121
0 0.137985 0.841354 0.010082 0.030917
0 0.194846 0.871061 0.010485 0.029573
0 0.372285 0.978600 0.011292 0.035488
0 0.385290 0.989031 0.010687 0.021938
0 0.401622 0.961394 0.006654 0.021508
0 0.395674 0.976046 0.005646 0.025003
0 0.431868 0.958168 0.008267 0.020970
0 0.613641 0.824820 0.007259 0.030648
0 0.605072 0.835843 0.010687 0.023658
0 0.660118 0.928594 0.007460 0.032262
1 0.653767 0.939617 0.011292 0.043553
0 0.517562 0.852242 0.008670 0.026347
0 0.448906 0.857081 0.013711 0.023658
0 0.438219 0.771992 0.012905 0.023390
0 0.405554 0.732606 0.007662 0.026885
0 0.392246 0.723734 0.005242 0.018282
0 0.527846 0.718626 0.014316 0.026347
0 0.811142 0.738386 0.011896 0.026616
0 0.773235 0.699000 0.005847 0.031186
0 0.772731 0.684348 0.007662 0.020163
1 0.769303 0.830062 0.006049 0.025003
0 0.744401 0.702226 0.009074 0.034412
0 0.758314 0.662168 0.008670 0.030648
1 0.709418 0.566459 0.024196 0.018282
1 0.651649 0.384719 0.019155 0.011292
0 0.490140 0.606382 0.005041 0.025540
0 0.485301 0.584606 0.007864 0.016937
0 0.432977 0.591865 0.012905 0.018013
0 0.521494 0.526938 0.006049 0.026347
0 0.393456 0.678299 0.006049 0.027960
7 0.313105 0.774814 0.101825 0.145177
3 0.315323 0.527610 0.007057 0.021239
3 0.327421 0.529089 0.006654 0.020432
3 0.341233 0.532853 0.007662 0.019357
0 0.300099 0.502070 0.007259 0.021239
2 0.951349 0.073126 0.015130 0.011978
2 0.950640 0.050432 0.005201 0.017021