2 0.285666 0.618122 0.023511 0.022458
2 0.983260 0.627912 0.021186 0.021531
2 0.969522 0.913837 0.042755 0.035345
2 0.361349 0.678619 0.021190 0.020820
2 0.331141 0.677945 0.022903 0.020629
2 0.346023 0.667669 0.021700 0.019653
2 0.465638 0.957010 0.024163 0.039353
2 0.526268 0.468535 0.017310 0.014477
2 0.931915 0.661523 0.022414 0.022296
2 0.497213 0.493480 0.013364 0.011327
2 0.247487 0.591697 0.017750 0.016347
2 0.875263 0.880952 0.046814 0.033291
2 0.025527 0.983029 0.021032 0.032191
2 0.222664 0.563488 0.018170 0.019967
2 0.045512 0.568097 0.015466 0.014677
2 0.949613 0.649943 0.024875 0.022020
2 0.494610 0.437199 0.008133 0.010430
2 0.507024 0.491393 0.015284 0.011925
2 0.820961 0.514641 0.011348 0.011279
2 0.541274 0.475354 0.018164 0.015294
2 0.500207 0.414148 0.007659 0.008371
2 0.578211 0.445155 0.016796 0.009141
2 0.496275 0.425534 0.006625 0.008436
2 0.597635 0.461265 0.016039 0.011021
2 0.539308 0.441146 0.005637 0.004563
2 0.588323 0.454068 0.010283 0.014168