6 0.872102 0.572828 0.027394 0.036151
6 0.844611 0.809087 0.054657 0.090197
6 0.856239 0.737540 0.044464 0.075344
6 0.869997 0.636706 0.033047 0.041239
6 0.923159 0.640382 0.032969 0.049966
6 0.872074 0.601775 0.029674 0.039700
6 0.869955 0.547937 0.026860 0.028788
6 0.829534 0.894605 0.059685 0.095673
6 0.864977 0.680354 0.038775 0.060400
6 0.925896 0.795905 0.041931 0.084345
6 0.867486 0.528450 0.025175 0.023238
6 0.918542 0.601790 0.030585 0.041598
6 0.815355 0.967128 0.061837 0.065744
6 0.925863 0.683724 0.037650 0.050932
2 0.942411 0.435350 0.014182 0.010517
6 0.918693 0.916921 0.055053 0.166158
6 0.864987 0.506764 0.019875 0.025865
2 0.996700 0.471869 0.006467 0.013679
8 0.794447 0.569927 0.091179 0.143510