2 0.615904 0.765558 0.025289 0.031601
2 0.822963 0.564447 0.014539 0.017998
2 0.834933 0.516214 0.013391 0.015671
2 0.855659 0.431087 0.010139 0.011845
2 0.689396 0.746922 0.032870 0.036310
2 0.843823 0.469022 0.011005 0.013686
2 0.768761 0.621592 0.014694 0.024894
2 0.125350 0.465029 0.020370 0.011842
2 0.864631 0.680482 0.018119 0.025163
2 0.593279 0.489684 0.013711 0.008705
2 0.185046 0.468573 0.021220 0.011752
2 0.094455 0.489466 0.021546 0.011752
2 0.070134 0.442239 0.023178 0.017411
2 0.678294 0.655034 0.038685 0.017955
2 0.720407 0.700575 0.024974 0.033299
2 0.756154 0.636100 0.024484 0.046030
2 0.859967 0.490827 0.011752 0.025790
2 0.866088 0.455080 0.009794 0.011752
2 0.867802 0.448061 0.007345 0.012079
2 0.863762 0.391258 0.006611 0.010120
2 0.892286 0.383912 0.013221 0.008488
2 0.874657 0.363019 0.006856 0.011100
2 0.872086 0.355674 0.004652 0.006856
2 0.870617 0.346370 0.004162 0.007182
2 0.868903 0.339677 0.005631 0.006203
2 0.864986 0.331516 0.004162 0.003591
2 0.863027 0.329231 0.004652 0.004244