2 0.499314 0.867557 0.024484 0.042611
2 0.459829 0.982517 0.030596 0.034966
2 0.506415 0.826975 0.022525 0.040518
2 0.768278 0.820948 0.016682 0.026759
2 0.766682 0.752423 0.015180 0.024266
2 0.553669 0.665644 0.016649 0.028075
2 0.669983 0.972483 0.050010 0.030628
2 0.732771 0.975777 0.021791 0.035910
0 0.420736 0.981671 0.007199 0.022858
0 0.429824 0.897155 0.005609 0.020547
0 0.829960 0.850463 0.006984 0.020550
0 0.838045 0.984321 0.009296 0.025397
0 0.834301 0.813565 0.005805 0.018657
0 0.841814 0.906073 0.006297 0.024068
0 0.669151 0.833626 0.007191 0.018002
0 0.396533 0.991695 0.006924 0.015696
7 0.773293 0.402357 0.010283 0.015343
2 0.768763 0.790840 0.015915 0.029055
2 0.799980 0.866251 0.019587 0.036237
2 0.729221 0.738970 0.014201 0.028981
0 0.739994 0.621735 0.003428 0.015343
0 0.795696 0.625490 0.004652 0.015017
0 0.791289 0.625490 0.003673 0.014364
0 0.540081 0.625326 0.003673 0.014038
0 0.630427 0.628917 0.004162 0.011426
0 0.471008 0.823849 0.003317 0.018871
0 0.447455 0.861739 0.003538 0.016217
0 0.626474 0.967005 0.004202 0.019166
0 0.617407 0.962877 0.005529 0.017987
0 0.827166 0.983517 0.005750 0.023884
0 0.756951 0.919827 0.005086 0.019756
0 0.800739 0.617592 0.004644 0.015628
2 0.769557 0.872059 0.016144 0.029781
0 0.491212 0.753490 0.005609 0.019528