2 0.673505 0.972146 0.046708 0.028743
2 0.552744 0.805574 0.020303 0.032357
2 0.510567 0.831804 0.023322 0.035828
2 0.525458 0.761610 0.018497 0.031045
2 0.517306 0.790626 0.020758 0.037035
2 0.765064 0.818080 0.016948 0.026928
2 0.537446 0.868262 0.020738 0.039319
0 0.414232 0.991225 0.007054 0.017176
0 0.848440 0.972728 0.007205 0.023537
0 0.769920 0.611766 0.003822 0.014813
0 0.407742 0.992325 0.006636 0.014829
2 0.600408 0.536782 0.012104 0.016562
2 0.501298 0.869786 0.028415 0.042640
0 0.828281 0.820602 0.006219 0.018233
7 0.701850 0.841954 0.031326 0.094410
0 0.394157 0.994028 0.005432 0.011428
0 0.499021 0.823326 0.006818 0.021571
0 0.812058 0.930212 0.007008 0.025105
0 0.758751 0.932041 0.007106 0.024469
2 0.755886 0.362202 0.005646 0.008555
2 0.723549 0.363229 0.004106 0.007186
2 0.736894 0.744422 0.013858 0.022242
2 0.766151 0.784800 0.015398 0.029086
2 0.534150 0.736552 0.017451 0.030454
2 0.543132 0.711402 0.021558 0.033534
2 0.549805 0.687620 0.016425 0.022926
2 0.556478 0.662127 0.016425 0.024637
2 0.560840 0.642280 0.015912 0.025322
0 0.790018 0.456987 0.002053 0.009239
0 0.793098 0.476663 0.003593 0.011634
0 0.754602 0.448262 0.002566 0.010950
0 0.757169 0.445866 0.002053 0.006159
0 0.747417 0.529702 0.002566 0.011634
0 0.800284 0.553312 0.003080 0.012319
0 0.793483 0.558787 0.003336 0.011634
0 0.799257 0.598823 0.003080 0.010950
0 0.759607 0.585991 0.003336 0.011976
0 0.575033 0.564442 0.003428 0.015821
0 0.533373 0.655850 0.003428 0.012305
0 0.538119 0.630361 0.002900 0.013360
0 0.545765 0.636162 0.002373 0.013711
0 0.797312 0.642491 0.003428 0.014414
0 0.784524 0.642491 0.006856 0.013711
0 0.797708 0.669210 0.004219 0.016524
0 0.791643 0.680460 0.004219 0.015117
0 0.814847 0.694347 0.003164 0.014766
0 0.818934 0.736359 0.003955 0.021446
0 0.820252 0.790852 0.004482 0.020743
0 0.819461 0.817396 0.003428 0.015469
0 0.823680 0.832513 0.003955 0.016172
0 0.818670 0.830931 0.005537 0.017227
0 0.802454 0.931304 0.006328 0.020391
0 0.790061 0.963472 0.006856 0.020039
0 0.764880 0.930073 0.005537 0.022149
0 0.400348 0.930776 0.004219 0.020743
0 0.395338 0.933237 0.005274 0.017227
0 0.469827 0.819505 0.007647 0.015469
0 0.493221 0.759563 0.003282 0.016524
0 0.502786 0.733722 0.004482 0.018282
0 0.507664 0.735129 0.003164 0.016172
0 0.499227 0.714035 0.004219 0.016875
0 0.788611 0.580966 0.002373 0.013711
0 0.790984 0.582197 0.002373 0.014063
0 0.637393 0.831107 0.005274 0.018985
0 0.680850 0.924132 0.008501 0.027422
0 0.788620 0.947898 0.006856 0.020110
0 0.462534 0.808740 0.004244 0.017411
0 0.791898 0.496281 0.003546 0.012293
0 0.446519 0.952216 0.005437 0.023325
0 0.441318 0.932358 0.005437 0.018912
0 0.495690 0.760733 0.004019 0.012923
0 0.644024 0.610603 0.004456 0.016453
0 0.762569 0.468921 0.002742 0.010969
0 0.726463 0.767367 0.004113 0.025594
0 0.775050 0.746451 0.003831 0.016937
2 0.775251 0.974406 0.028108 0.025594