0 0.657749 0.984856 0.012173 0.030287
0 0.464869 0.584503 0.009042 0.021706
0 0.670938 0.987652 0.010146 0.024696
2 0.417824 0.194367 0.012956 0.018875
0 0.475955 0.582950 0.007722 0.019535
2 0.123508 0.042416 0.006868 0.009877
2 0.992260 0.070906 0.010305 0.009759
0 0.518719 0.582878 0.009372 0.019714
2 0.143627 0.056837 0.006455 0.008827
2 0.519550 0.190398 0.013375 0.018893
2 0.953171 0.093106 0.014531 0.011075
2 0.946027 0.072123 0.016811 0.010629
0 0.694070 0.422989 0.005827 0.016910
1 0.695784 0.431444 0.010626 0.018282
2 0.143053 0.042505 0.006170 0.007313