2 0.584808 0.487699 0.025994 0.032797
2 0.363711 0.353701 0.021160 0.024539
2 0.559903 0.392923 0.020278 0.025448
2 0.315458 0.403745 0.021621 0.030488
0 0.133706 0.881964 0.011537 0.036567
2 0.366096 0.325344 0.015996 0.025730
2 0.321893 0.888264 0.032741 0.069111
0 0.409362 0.887764 0.011691 0.036269
2 0.510072 0.318370 0.017871 0.022754
0 0.124603 0.969333 0.011546 0.033569
2 0.554487 0.372838 0.020638 0.025042
2 0.483721 0.167998 0.014192 0.014420
2 0.371301 0.296229 0.013203 0.019636
2 0.288589 0.536798 0.027463 0.048185
2 0.351242 0.242230 0.012696 0.016589
0 0.422073 0.895033 0.009170 0.037478
0 0.616370 0.441022 0.006029 0.022377
0 0.279260 0.331942 0.004949 0.017965
2 0.575642 0.451944 0.024321 0.030719
0 0.285961 0.332794 0.005902 0.017488
0 0.475076 0.210163 0.004487 0.012321
2 0.475661 0.160732 0.012601 0.013456
2 0.507160 0.210038 0.010969 0.015445
2 0.276987 0.572307 0.026546 0.044482
2 0.265195 0.613649 0.026612 0.045694
2 0.469467 0.147901 0.011956 0.014051
2 0.599437 0.525769 0.026484 0.035242
2 0.453708 0.118775 0.024420 0.014633
2 0.184860 0.993361 0.030309 0.013278
0 0.172773 0.621091 0.007577 0.027903
2 0.372847 0.658376 0.042577 0.040893
0 0.320138 0.247647 0.004316 0.013880
0 0.378411 0.244262 0.004063 0.012526
3 0.377649 0.249678 0.005078 0.013203
2 0.340451 0.436556 0.020059 0.028776
2 0.321662 0.537105 0.020059 0.036225
2 0.297794 0.500880 0.024629 0.036902
2 0.431406 0.130104 0.007084 0.011578
2 0.446146 0.114717 0.021024 0.013711
2 0.437690 0.103595 0.018282 0.009750
2 0.464998 0.140463 0.010283 0.011578
0 0.394606 0.266020 0.004043 0.018282
0 0.395748 0.249027 0.003867 0.013360
0 0.392672 0.251957 0.002988 0.013594
0 0.591923 0.313950 0.002813 0.017110
0 0.588320 0.313950 0.003691 0.016641
0 0.561337 0.281840 0.003516 0.016641
0 0.556679 0.280668 0.003340 0.016641
0 0.636221 0.406999 0.004570 0.019922
0 0.626904 0.439577 0.004922 0.022266
0 0.419655 0.197933 0.003516 0.012422
0 0.426335 0.218792 0.003164 0.007734
0 0.433893 0.159846 0.003164 0.013125
0 0.437497 0.161487 0.002988 0.012188
0 0.375709 0.202152 0.002813 0.013360
0 0.372984 0.201800 0.002988 0.012656
0 0.408245 0.211930 0.004316 0.014219
2 0.404268 0.300924 0.026881 0.018763
2 0.411034 0.291783 0.027061 0.014914
2 0.410673 0.282762 0.032474 0.015636
2 0.415003 0.277230 0.031031 0.017079
2 0.413830 0.268089 0.034097 0.013711
2 0.417168 0.262557 0.033195 0.015636
2 0.413469 0.254498 0.031211 0.012508
2 0.413560 0.247282 0.029948 0.013952
2 0.436923 0.306937 0.012809 0.016357
2 0.455234 0.294068 0.033195 0.013230
2 0.450814 0.289738 0.031572 0.014673
2 0.449912 0.281319 0.028324 0.013230
2 0.449010 0.275185 0.031933 0.013952
2 0.453430 0.267127 0.030670 0.015636
2 0.457489 0.263759 0.032654 0.015636
2 0.457038 0.257265 0.032113 0.014673
2 0.452438 0.250649 0.031572 0.015876
1 0.547334 0.325099 0.014613 0.008900
1 0.545980 0.330030 0.013711 0.009141
1 0.549138 0.334600 0.014252 0.008660
1 0.177606 0.924159 0.029237 0.017475
1 0.174179 0.938676 0.027624 0.018550