2 0.565664 0.897844 0.042788 0.047595
2 0.661169 0.876253 0.034278 0.036563
2 0.834450 0.502742 0.021512 0.015760
2 0.665762 0.777753 0.030765 0.036248
2 0.688473 0.748458 0.032623 0.037546
2 0.767904 0.501147 0.026948 0.015091
2 0.616844 0.767982 0.026950 0.029313
2 0.760930 0.637877 0.021040 0.026305
2 0.855371 0.399515 0.008038 0.009141
2 0.089307 0.436525 0.012291 0.010502
2 0.771686 0.611171 0.024586 0.043497
2 0.875214 0.404059 0.007178 0.006543
2 0.624121 0.490995 0.026463 0.010886
2 0.853086 0.465112 0.011033 0.011931
2 0.875073 0.411467 0.006756 0.007765
2 0.875727 0.368713 0.006504 0.008039
7 0.071353 0.439230 0.020094 0.021118
7 0.241442 0.459402 0.028841 0.011032
2 0.701948 0.657347 0.037351 0.023010
0 0.592732 0.832283 0.008983 0.031205
2 0.870277 0.347935 0.005098 0.004922
2 0.857797 0.327075 0.002988 0.003984
2 0.851996 0.322739 0.005801 0.003281
2 0.869047 0.341958 0.004746 0.005156
2 0.874796 0.363037 0.005559 0.005188