2 0.957259 0.905506 0.039715 0.027858
2 0.245291 0.586705 0.016906 0.017454
2 0.467322 0.953768 0.020567 0.034123
2 0.360928 0.680368 0.020304 0.022669
2 0.501638 0.486942 0.022147 0.010708
2 0.946116 0.645889 0.022594 0.021914
2 0.218328 0.559519 0.017043 0.017223
2 0.539582 0.471629 0.019025 0.016013
2 0.136576 0.838607 0.022485 0.025078
2 0.967865 0.635465 0.024541 0.020294
2 0.233705 0.575517 0.015293 0.014063
2 0.523012 0.464074 0.019053 0.015851
2 0.985157 0.935510 0.029686 0.018282
2 0.821309 0.527247 0.016608 0.014543
2 0.508363 0.525032 0.020078 0.013763
2 0.208919 0.550162 0.012129 0.011869
2 0.467329 0.911049 0.022662 0.036105
2 0.285253 0.615244 0.022412 0.023907
2 0.586994 0.449561 0.009977 0.013388
2 0.995887 0.576923 0.008226 0.012656
2 0.466663 0.993601 0.023995 0.012797
2 0.492957 0.433249 0.007031 0.009610
2 0.992671 0.916283 0.014658 0.021434
2 0.041749 0.562860 0.009492 0.013360
2 0.116105 0.833216 0.038497 0.030235
2 0.435681 0.886654 0.022676 0.035860
0 0.377013 0.673956 0.004482 0.016875
2 0.301733 0.675889 0.021094 0.017930
2 0.928755 0.657081 0.018985 0.019688
2 0.765012 0.495008 0.014766 0.010547
2 0.749587 0.502918 0.012920 0.010899
2 0.974107 0.447194 0.008438 0.009141
2 0.568784 0.446984 0.016258 0.010185
2 0.580047 0.441891 0.016845 0.008880
2 0.496560 0.412741 0.007207 0.007969
2 0.499900 0.402545 0.006152 0.007266
7 0.028851 0.384075 0.012977 0.017955