6 0.843618 0.809413 0.053387 0.093024
6 0.829198 0.894005 0.060403 0.096367
6 0.872166 0.569880 0.028707 0.037258
6 0.870359 0.636288 0.035267 0.042192
6 0.870182 0.546156 0.026186 0.026829
6 0.871950 0.601547 0.032182 0.040047
6 0.922558 0.640766 0.034375 0.050656
6 0.925768 0.683608 0.039278 0.050313
6 0.866157 0.525980 0.024979 0.024868
6 0.916891 0.601721 0.032526 0.041979
6 0.921649 0.916175 0.058539 0.167088
2 0.933078 0.410996 0.010918 0.011511
6 0.818272 0.965869 0.070750 0.068262
2 0.997028 0.471764 0.005944 0.014377
2 0.926476 0.388990 0.009395 0.008802
6 0.866791 0.504075 0.020455 0.021612
6 0.927271 0.732273 0.041260 0.060459
2 0.969006 0.421152 0.009141 0.010156
2 0.922160 0.360383 0.008887 0.009818
6 0.928253 0.795585 0.044434 0.076512
6 0.857159 0.736001 0.045450 0.067032
6 0.866680 0.680818 0.039102 0.063647
8 0.685700 0.643282 0.171389 0.271938
8 0.750614 0.678702 0.169247 0.302788
8 0.619073 0.958752 0.180387 0.082495