6 0.918756 0.915545 0.050274 0.165729
6 0.813147 0.967485 0.060394 0.065030
2 0.952761 0.431180 0.013188 0.011849
2 0.930076 0.406136 0.009460 0.009939
2 0.915035 0.401759 0.008748 0.008960
2 0.898617 0.416304 0.010518 0.013224
2 0.996849 0.471844 0.005949 0.012620
2 0.968340 0.421018 0.010424 0.010821
2 0.928145 0.357490 0.006856 0.006570
2 0.917112 0.369630 0.007498 0.007998
0 0.903508 0.384769 0.002999 0.010855
0 0.908328 0.385340 0.002357 0.009141
6 0.828001 0.894489 0.058109 0.088796
6 0.843834 0.808958 0.051907 0.086620
6 0.855750 0.738226 0.043745 0.073126
6 0.865544 0.680770 0.038522 0.058327
6 0.870604 0.633542 0.031013 0.036998
6 0.871746 0.601985 0.030687 0.034822
6 0.871583 0.571080 0.025790 0.031340
6 0.869788 0.544964 0.024811 0.023505
6 0.867339 0.525594 0.023178 0.023940
6 0.866197 0.503613 0.020240 0.021764
6 0.926591 0.798511 0.043745 0.085749
6 0.928223 0.731914 0.038522 0.056150
6 0.926101 0.683816 0.036890 0.044398
6 0.922510 0.640071 0.032319 0.046574
6 0.918430 0.601767 0.030687 0.038739
6 0.990881 0.655959 0.018238 0.054845
6 0.995615 0.703186 0.008770 0.061374