2 0.692045 0.743659 0.029734 0.036143
2 0.711167 0.718653 0.024586 0.031520
2 0.582343 0.875773 0.041460 0.048751
2 0.614173 0.843345 0.038522 0.042222
2 0.725706 0.699111 0.020567 0.027107
2 0.819971 0.477097 0.015806 0.024883
2 0.617111 0.768913 0.025464 0.028293
2 0.007839 0.522166 0.015678 0.014981
2 0.774363 0.474304 0.012949 0.015235
2 0.892241 0.441169 0.007998 0.008887
2 0.866127 0.681460 0.018676 0.022694
2 0.034025 0.510252 0.019198 0.014625
2 0.596509 0.489173 0.019825 0.011397
2 0.086480 0.448798 0.013411 0.009926
2 0.096232 0.488777 0.015996 0.012188
2 0.867979 0.445716 0.008533 0.009348
2 0.843049 0.478282 0.013547 0.017162
2 0.124045 0.464067 0.022807 0.013679
2 0.675826 0.653880 0.039006 0.017966
2 0.148200 0.493395 0.020527 0.010760
2 0.147991 0.464910 0.020870 0.012696
2 0.624909 0.491374 0.026741 0.012072
2 0.114210 0.483481 0.015009 0.013132
2 0.767259 0.500584 0.026396 0.014473
2 0.864818 0.470399 0.009902 0.012888
2 0.871422 0.428031 0.007360 0.009017
2 0.868350 0.374550 0.009349 0.010222
2 0.858915 0.494109 0.011426 0.014727
2 0.196780 0.469988 0.020567 0.010156
2 0.102231 0.462878 0.019615 0.013203
2 0.081664 0.439265 0.012378 0.010664
2 0.118608 0.502869 0.021519 0.011426
2 0.087948 0.529657 0.024947 0.016250
2 0.100802 0.558222 0.017520 0.017012
2 0.088805 0.515565 0.024756 0.013965
2 0.064430 0.499441 0.017520 0.011172
2 0.035865 0.558602 0.027422 0.022852
2 0.873292 0.412985 0.007046 0.008887
2 0.872531 0.418063 0.007427 0.006856
2 0.864628 0.322339 0.006856 0.004316
2 0.868722 0.340494 0.005523 0.005586
2 0.875578 0.364869 0.006284 0.006602
2 0.877577 0.372867 0.007236 0.006856
2 0.828160 0.452595 0.010093 0.022598
2 0.804261 0.459577 0.025518 0.013203
2 0.783694 0.468591 0.015615 0.012442
2 0.759699 0.479256 0.018282 0.015996