0 0.385682 0.641796 0.009689 0.032709
0 0.199374 0.694264 0.010043 0.036309
0 0.208604 0.695390 0.009414 0.035395
2 0.443467 0.294231 0.017443 0.029265
2 0.447400 0.195197 0.013231 0.020096
0 0.448225 0.766070 0.007891 0.031473
0 0.621700 0.619846 0.009755 0.028971
0 0.779938 0.870653 0.010672 0.038931
0 0.709823 0.456285 0.006572 0.024121
0 0.667533 0.826673 0.010653 0.032484
0 0.689880 0.383046 0.005733 0.022157
0 0.239600 0.865026 0.010122 0.030087
0 0.714743 0.441061 0.005017 0.024752
0 0.630649 0.619942 0.009622 0.030421
0 0.711676 0.405512 0.008150 0.023297
0 0.717420 0.495201 0.007156 0.022532
0 0.395079 0.640331 0.008118 0.029330
0 0.461901 0.765467 0.008675 0.037598
2 0.118781 0.063817 0.007443 0.011292
2 0.131869 0.060738 0.007443 0.007870
2 0.145086 0.036614 0.007186 0.006159
2 0.144701 0.040891 0.006416 0.008555
2 0.142520 0.043971 0.006673 0.005817
2 0.143161 0.050130 0.006416 0.007186
2 0.142135 0.057658 0.007443 0.009923
2 0.560969 0.043457 0.005389 0.008897
2 0.548907 0.087770 0.007443 0.011976
2 0.518238 0.181700 0.010779 0.013003
2 0.420588 0.181529 0.011035 0.014030
2 0.419176 0.195387 0.012319 0.017794
2 0.449331 0.177594 0.011035 0.013003
2 0.448304 0.167157 0.010522 0.013345
2 0.485774 0.168868 0.012062 0.016083
2 0.487185 0.182555 0.011292 0.014030
2 0.491035 0.192992 0.010779 0.010950
2 0.491548 0.203258 0.012832 0.015056
0 0.410964 0.167670 0.003593 0.014372
0 0.530300 0.305057 0.003593 0.018136
0 0.373109 0.267930 0.004363 0.013687
0 0.367078 0.308137 0.002566 0.013345
0 0.361176 0.308479 0.004619 0.014714
0 0.422512 0.377772 0.006159 0.019847
0 0.432650 0.368362 0.003850 0.011292
0 0.680049 0.464687 0.011549 0.017109
0 0.686080 0.490521 0.011292 0.015398
0 0.699040 0.387353 0.004876 0.019847
0 0.708279 0.493772 0.003850 0.019162
0 0.751009 0.606180 0.005646 0.029770
0 0.554809 0.587702 0.011035 0.018820
0 0.529402 0.584622 0.003850 0.012661
0 0.515672 0.587360 0.008726 0.019505
0 0.432265 0.592664 0.013345 0.021215
0 0.406857 0.523029 0.005646 0.020873
0 0.395822 0.628935 0.006673 0.022584
0 0.778983 0.738092 0.009239 0.029428
0 0.560969 0.869149 0.018221 0.023269
0 0.504252 0.873084 0.011549 0.022242
0 0.439065 0.867609 0.010522 0.016767
0 0.430725 0.862134 0.011292 0.014030
0 0.498606 0.766835 0.015655 0.028059
0 0.415711 0.753832 0.009496 0.032165
0 0.415840 0.794724 0.008726 0.035245
0 0.423796 0.799001 0.004106 0.019847
0 0.175113 0.726458 0.010266 0.026690
0 0.138285 0.974370 0.012062 0.024295
0 0.246727 0.573685 0.007149 0.029550
0 0.240412 0.569872 0.009294 0.021924
1 0.652207 0.395431 0.017396 0.012392
1 0.648751 0.387170 0.021448 0.013663
1 0.614673 0.374301 0.010962 0.018429
1 0.592987 0.372236 0.009532 0.019382
1 0.417832 0.599104 0.024784 0.020653
1 0.776722 0.743677 0.027644 0.021924
0 0.446776 0.184197 0.003213 0.009885
0 0.533643 0.070351 0.002966 0.010874
0 0.949558 0.092246 0.014399 0.010302
0 0.949558 0.073282 0.017911 0.009833
0 0.950260 0.049401 0.006673 0.018262
0 0.993105 0.071643 0.009482 0.007492