2 0.602000 0.772107 0.025662 0.030693
2 0.596097 0.853054 0.040294 0.045036
2 0.654667 0.776505 0.035589 0.039159
2 0.677692 0.752626 0.029972 0.037429
2 0.706346 0.706978 0.024926 0.034392
2 0.757102 0.630361 0.013184 0.023907
2 0.743127 0.641084 0.025313 0.047462
2 0.664947 0.660069 0.040870 0.016524
2 0.878690 0.433514 0.007057 0.011023
2 0.875867 0.442924 0.007460 0.011023
2 0.852377 0.686472 0.015082 0.018282
2 0.052355 0.450836 0.017873 0.016323
2 0.860334 0.409213 0.007100 0.008814
2 0.860946 0.371670 0.005876 0.008814
2 0.859722 0.367589 0.004407 0.007182
2 0.858130 0.358612 0.004652 0.007508
2 0.854703 0.342942 0.005142 0.006856
2 0.849071 0.335760 0.004162 0.004244