2 0.689859 0.874816 0.036697 0.062391
2 0.602249 0.532719 0.026011 0.034143
2 0.590252 0.492795 0.025003 0.034950
2 0.647263 0.733634 0.033978 0.051175
2 0.508486 0.233954 0.016676 0.017787
2 0.284267 0.543978 0.026797 0.045867
2 0.625757 0.623769 0.031491 0.044182
2 0.257296 0.893933 0.037579 0.074142
2 0.556407 0.371939 0.017281 0.027135
2 0.612734 0.576675 0.027624 0.037638
2 0.268910 0.608545 0.032731 0.051945
2 0.293925 0.504967 0.026269 0.049238
2 0.581279 0.455694 0.025204 0.039789
2 0.460640 0.278510 0.033806 0.016479
2 0.637664 0.675855 0.033011 0.050495
2 0.409490 0.281885 0.031653 0.018274
2 0.497341 0.195719 0.012284 0.015926
2 0.446763 0.203800 0.026635 0.013864
0 0.655985 0.603564 0.008065 0.024187
2 0.487353 0.219309 0.013320 0.014961
0 0.722737 0.733886 0.009857 0.033054
0 0.751898 0.918901 0.014199 0.039989
1 0.166142 0.959104 0.030469 0.018282
2 0.486717 0.174261 0.011778 0.013360
2 0.668183 0.796428 0.037302 0.058397
0 0.403786 0.660610 0.009183 0.028608
2 0.444238 0.136641 0.012007 0.011246
0 0.666010 0.604905 0.007101 0.022152
0 0.227715 0.495653 0.006348 0.026630
2 0.494764 0.183484 0.012404 0.014516
0 0.357278 0.355543 0.005568 0.020791
0 0.644172 0.479918 0.007024 0.024050
2 0.458668 0.120484 0.023532 0.012215
0 0.410120 0.501632 0.006309 0.026776
2 0.471863 0.143205 0.010195 0.011719
0 0.172214 0.745782 0.008677 0.029186
2 0.465886 0.136760 0.010195 0.011485
0 0.672660 0.592865 0.007400 0.025778
2 0.636158 0.915421 0.041669 0.070438
0 0.294387 0.373566 0.004671 0.018586
0 0.664151 0.549287 0.006654 0.023163
2 0.457692 0.256127 0.034728 0.014452
0 0.162218 0.707774 0.009371 0.027343
0 0.289137 0.345450 0.006596 0.019098
1 0.178857 0.922626 0.029544 0.019326
0 0.637528 0.424305 0.006640 0.019763
0 0.599125 0.348134 0.005245 0.019510
0 0.624411 0.522304 0.007496 0.022586
0 0.395432 0.660629 0.007985 0.026496
0 0.279384 0.408162 0.006597 0.021310
2 0.422328 0.247665 0.032610 0.019023
0 0.302704 0.406146 0.005570 0.020769
0 0.129985 0.989532 0.008418 0.020317
0 0.417149 0.501772 0.007803 0.026273
0 0.162333 0.808992 0.008125 0.027831
1 0.170585 0.948459 0.032754 0.018580
0 0.302980 0.305225 0.005023 0.017914
0 0.584303 0.523567 0.007460 0.027175
0 0.251313 0.452791 0.008347 0.024269
0 0.273359 0.348994 0.005259 0.016618
0 0.267391 0.348950 0.004052 0.015742
0 0.629783 0.418939 0.005667 0.021354
0 0.180592 0.613224 0.008678 0.026841
0 0.136783 0.993901 0.010527 0.012198
0 0.271568 0.357176 0.004637 0.020729
1 0.176129 0.937275 0.027636 0.017964
0 0.414133 0.219638 0.003986 0.013825
0 0.159847 0.729312 0.008549 0.030793
0 0.421139 0.218894 0.003986 0.012582
0 0.149511 0.868711 0.006856 0.030469
0 0.140370 0.869050 0.007363 0.028438
0 0.178710 0.639007 0.006856 0.027422
0 0.195596 0.575530 0.006602 0.025052
0 0.287384 0.373756 0.005840 0.018959
0 0.280655 0.348196 0.005078 0.019974
0 0.300402 0.331756 0.005041 0.016131
0 0.306350 0.269249 0.002420 0.014249
0 0.301713 0.271131 0.003226 0.013711
0 0.389928 0.203248 0.003831 0.016131
0 0.500121 0.272476 0.003226 0.016400
0 0.703167 0.841892 0.008469 0.025540
0 0.713450 0.734756 0.008469 0.031186
0 0.524821 0.736235 0.007864 0.031455
0 0.595797 0.570223 0.005847 0.030111
0 0.599628 0.572105 0.004638 0.029573
0 0.586118 0.296268 0.003831 0.015055
0 0.580573 0.298688 0.003629 0.018819
0 0.556382 0.327215 0.005744 0.017046
1 0.548230 0.328821 0.014638 0.009388
1 0.548137 0.323509 0.014082 0.007164
2 0.417140 0.275088 0.036316 0.017540
2 0.462350 0.265947 0.032610 0.016552
2 0.448747 0.112971 0.018106 0.009844
0 0.395167 0.483547 0.004456 0.020110