2 0.506834 0.238591 0.020411 0.021081
2 0.672921 0.817257 0.035786 0.058357
2 0.577611 0.455997 0.022108 0.032248
2 0.591743 0.493498 0.024694 0.034028
2 0.300660 0.464288 0.020094 0.035302
2 0.346835 0.381848 0.020224 0.031520
0 0.337011 0.857765 0.013795 0.032964
2 0.557987 0.375199 0.018853 0.025536
2 0.388401 0.214024 0.021258 0.016820
2 0.263822 0.615631 0.030629 0.045704
2 0.289181 0.517653 0.026031 0.040569
2 0.398729 0.389629 0.034889 0.024216
2 0.405580 0.296886 0.030701 0.020645
0 0.745700 0.987231 0.010103 0.025272
2 0.377773 0.229693 0.016798 0.019526
2 0.456108 0.120457 0.018019 0.011343
2 0.279975 0.548967 0.026004 0.050212
0 0.512705 0.305367 0.004951 0.017393
0 0.626930 0.423007 0.005942 0.020232
0 0.434037 0.251731 0.004554 0.014470
0 0.187786 0.906588 0.009661 0.030404
2 0.493947 0.257529 0.014543 0.018388
2 0.448516 0.115589 0.022338 0.013988
2 0.438508 0.106910 0.015981 0.013931
0 0.636641 0.424172 0.004727 0.018126
2 0.454183 0.284439 0.033951 0.015607
1 0.337409 0.937843 0.019196 0.023766
1 0.326097 0.924360 0.010969 0.031536
0 0.318384 0.920475 0.007884 0.033821
0 0.627571 0.991088 0.009941 0.017824
0 0.718579 0.711837 0.007541 0.031536
0 0.737603 0.801874 0.008569 0.031536
0 0.413677 0.798218 0.008569 0.028793
0 0.161220 0.775823 0.008912 0.034278
0 0.153165 0.775823 0.005827 0.035192
0 0.182987 0.638483 0.009255 0.031079
0 0.221207 0.489945 0.006856 0.025594
0 0.254456 0.455667 0.006170 0.026508
0 0.242459 0.439671 0.006170 0.022852
0 0.250514 0.439671 0.005827 0.020110
0 0.267310 0.399452 0.005827 0.024680
0 0.260798 0.417962 0.003771 0.020567
3 0.261312 0.422989 0.015768 0.014168
0 0.307398 0.338996 0.003782 0.018597
0 0.297942 0.305901 0.003310 0.015445
0 0.376308 0.244910 0.004019 0.013238
0 0.320991 0.264137 0.004492 0.020173
0 0.556917 0.316775 0.003546 0.012608
0 0.563063 0.317248 0.002600 0.016706
0 0.533986 0.242546 0.004019 0.015445
0 0.389428 0.317720 0.003310 0.013238
0 0.612234 0.411650 0.004019 0.017651
0 0.599587 0.374299 0.004728 0.018597
0 0.572992 0.365000 0.004019 0.018282
0 0.599587 0.350974 0.004728 0.016075
0 0.569446 0.333953 0.003073 0.011662
0 0.605733 0.428355 0.005201 0.018912
0 0.615071 0.441436 0.005437 0.019227
0 0.615071 0.429774 0.004492 0.019227
0 0.620981 0.435290 0.004019 0.020803
0 0.622754 0.391162 0.002837 0.015760
0 0.624764 0.389743 0.002600 0.016706
0 0.662469 0.547343 0.004728 0.023640
0 0.665779 0.594150 0.006146 0.023955
0 0.593086 0.516611 0.004019 0.020173
0 0.585994 0.519448 0.003546 0.011347
1 0.585521 0.523388 0.008274 0.005989
2 0.414959 0.757423 0.072338 0.054845
2 0.653722 0.964130 0.044443 0.071739
7 0.411059 0.599666 0.034751 0.102440
2 0.305507 0.612747 0.020330 0.044128
2 0.453318 0.253129 0.033575 0.018750
2 0.411657 0.281958 0.034278 0.020157
2 0.413239 0.267309 0.028653 0.012422
2 0.414733 0.247387 0.027071 0.013360
2 0.453581 0.264848 0.031290 0.012656
2 0.494978 0.194417 0.012129 0.013828
2 0.482761 0.174026 0.011602 0.011485
2 0.471511 0.153518 0.009844 0.012656
0 0.432136 0.132776 0.002813 0.009141
3 0.549723 0.344795 0.014921 0.011560
3 0.548009 0.338612 0.016736 0.015324