0 0.269363 0.860282 0.011329 0.035129
0 0.334116 0.941573 0.010927 0.036416
2 0.490724 0.186400 0.013381 0.016595
2 0.443150 0.165355 0.015134 0.017385
2 0.444938 0.194699 0.013759 0.019751
2 0.457202 0.360199 0.016160 0.027006
2 0.467711 0.293264 0.022488 0.024370
0 0.783991 0.829012 0.012955 0.036402
0 0.123428 0.829470 0.010548 0.031736
0 0.617545 0.603589 0.008327 0.024671
0 0.266405 0.530981 0.007395 0.025084
1 0.496511 0.649073 0.021750 0.017260
0 0.487630 0.732930 0.009140 0.020562
0 0.358908 0.793351 0.012083 0.034529
0 0.349268 0.602295 0.008399 0.027349
0 0.497007 0.740402 0.009701 0.022999
0 0.333718 0.400946 0.006328 0.019076
0 0.490597 0.910582 0.011982 0.034493
0 0.775624 0.759827 0.009389 0.031555
2 0.486284 0.100763 0.009840 0.011251
0 0.496902 0.115772 0.004190 0.011351
0 0.236541 0.816670 0.011718 0.021027
2 0.420564 0.190711 0.009534 0.019143
7 0.589294 0.396318 0.023750 0.058109
2 0.527657 0.254164 0.009331 0.017774
2 0.511470 0.226742 0.019615 0.018282
2 0.492713 0.208333 0.015235 0.015489
2 0.517659 0.191067 0.009902 0.015996
2 0.513089 0.169104 0.010283 0.013203
2 0.488714 0.158313 0.012188 0.014981
2 0.445295 0.139143 0.020567 0.012696
2 0.421205 0.179895 0.010093 0.014981
2 0.143935 0.040372 0.006284 0.007617
0 0.121984 0.920110 0.010695 0.036197
0 0.256901 0.791042 0.016179 0.020110
0 0.179296 0.754479 0.008501 0.025229
0 0.412660 0.800366 0.017276 0.021938
0 0.408272 0.824680 0.010146 0.018647
0 0.431444 0.881901 0.014260 0.020475
0 0.512473 0.948576 0.009730 0.029486
0 0.517559 0.955063 0.012384 0.031845
0 0.610220 0.815592 0.011942 0.027127
0 0.605244 0.841983 0.010836 0.026833
0 0.494891 0.640591 0.006856 0.028012
0 0.326930 0.579702 0.006192 0.023589
0 0.355458 0.545645 0.007519 0.023884
0 0.347054 0.541664 0.006192 0.019461
0 0.303709 0.469570 0.005750 0.023294
0 0.348160 0.334817 0.004423 0.016807
0 0.439715 0.376098 0.008404 0.022115
0 0.462825 0.375066 0.005971 0.012974
0 0.681429 0.352657 0.005750 0.027127
0 0.691271 0.578375 0.006856 0.021525
0 0.673910 0.622457 0.006634 0.017692