2 0.739737 0.766115 0.016319 0.023495
2 0.762203 0.627897 0.013497 0.018473
2 0.510558 0.837532 0.022654 0.036808
2 0.476364 0.959567 0.025484 0.041131
0 0.680745 0.816236 0.005928 0.022136
2 0.771793 0.611402 0.011692 0.019199
0 0.403151 0.924206 0.005744 0.022728
0 0.436688 0.934952 0.005744 0.021493
0 0.685156 0.814887 0.004262 0.019023
0 0.833385 0.794259 0.004632 0.019764
0 0.799200 0.675182 0.004076 0.014329
0 0.789843 0.659618 0.004262 0.014823
2 0.576023 0.594768 0.013526 0.020011
2 0.572224 0.610702 0.015935 0.021246
2 0.770943 0.598226 0.013155 0.017046
2 0.768349 0.753002 0.012785 0.020258
2 0.767516 0.774124 0.014452 0.017540
2 0.765941 0.798335 0.017232 0.033846
2 0.764922 0.830451 0.016305 0.029399
2 0.774464 0.962745 0.019084 0.038539
2 0.516731 0.799694 0.020567 0.035575
2 0.499592 0.872820 0.022975 0.041010
2 0.466889 0.987302 0.025384 0.025396
2 0.608102 0.997450 0.033195 0.005100
2 0.566347 0.265235 0.003656 0.004570
2 0.562233 0.262035 0.003199 0.003047
0 0.748908 0.489539 0.003047 0.012188
0 0.740910 0.488523 0.003809 0.012188
0 0.790232 0.568505 0.003428 0.013711
0 0.793279 0.567743 0.002666 0.012188
0 0.769094 0.416413 0.003047 0.007109