2 0.448144 0.918471 0.048144 0.028477
2 0.471851 0.959993 0.026274 0.044471
0 0.802037 0.671506 0.005051 0.017228
2 0.578880 0.669835 0.017356 0.024806
2 0.520980 0.949058 0.026104 0.044649
0 0.796885 0.670951 0.004942 0.018720
2 0.528821 0.765375 0.019386 0.030258
2 0.466477 0.988246 0.027122 0.023508
2 0.514507 0.811258 0.022755 0.039843
2 0.506082 0.867494 0.020567 0.041133
0 0.419842 0.927980 0.007926 0.021763
2 0.615798 0.534195 0.016495 0.015138
2 0.769904 0.774718 0.015817 0.025576
2 0.764310 0.754096 0.015898 0.024781
2 0.545504 0.692360 0.019522 0.036938
2 0.573216 0.606661 0.014446 0.020782
2 0.772263 0.612090 0.012920 0.018302
0 0.756138 0.539116 0.004320 0.013259
2 0.567618 0.621379 0.014858 0.021287
2 0.772275 0.990101 0.021437 0.019797
0 0.749738 0.540250 0.004279 0.014571
0 0.750773 0.516805 0.003691 0.012656
0 0.743391 0.537372 0.003164 0.013008
2 0.774636 0.626318 0.011338 0.015821