2 0.690188 0.747541 0.031980 0.039682
2 0.615951 0.765728 0.025349 0.033311
2 0.760779 0.637624 0.020768 0.026253
2 0.864616 0.681035 0.017798 0.025681
2 0.863291 0.473184 0.009765 0.011840
2 0.669184 0.773733 0.033236 0.039513
2 0.624021 0.494247 0.025310 0.018064
2 0.863519 0.330482 0.005244 0.006225
2 0.891137 0.440660 0.008528 0.010673
2 0.872363 0.355432 0.005543 0.007635
2 0.678258 0.654124 0.039736 0.016510
2 0.875206 0.402799 0.007422 0.009241
2 0.067884 0.443631 0.019136 0.017584
2 0.875305 0.367683 0.007313 0.010199
2 0.860451 0.484156 0.009141 0.010360
2 0.869135 0.340798 0.004570 0.006399