6 0.815205 0.967554 0.062214 0.064892
6 0.844769 0.810902 0.050050 0.091060
6 0.829416 0.895746 0.057891 0.095962
6 0.923097 0.641039 0.034686 0.047683
6 0.866280 0.680250 0.040038 0.057421
6 0.872167 0.633657 0.032206 0.034568
6 0.926152 0.683370 0.037789 0.046497
6 0.871096 0.545599 0.025361 0.024270
6 0.872680 0.602520 0.029419 0.031660
6 0.920419 0.912905 0.053130 0.153715
2 0.930876 0.403370 0.010016 0.014784
6 0.868104 0.524097 0.023458 0.022775
6 0.928026 0.732142 0.040362 0.055919
6 0.918405 0.601086 0.032012 0.038593
6 0.872116 0.572194 0.027301 0.033444
2 0.934918 0.430165 0.009872 0.009872
6 0.865264 0.504755 0.018642 0.022506
2 0.997155 0.472622 0.005690 0.012662
6 0.859214 0.737581 0.042743 0.076055
6 0.927284 0.798999 0.046503 0.086305
7 0.926828 0.373309 0.010146 0.027057
8 0.788483 0.578611 0.094881 0.166362