2 0.512416 0.822212 0.021481 0.039305
2 0.501105 0.858881 0.028108 0.048048
2 0.466309 0.984039 0.027616 0.031922
2 0.766740 0.754535 0.015996 0.021703
2 0.520072 0.929921 0.023537 0.044485
2 0.534438 0.736652 0.017937 0.029094
0 0.608711 0.982795 0.008507 0.025211
2 0.555184 0.670017 0.016172 0.026857
2 0.732842 0.918190 0.021672 0.037477
2 0.542642 0.714252 0.019108 0.026519
2 0.559387 0.649554 0.016204 0.024088
2 0.528498 0.763656 0.019025 0.033711
2 0.770994 0.605049 0.013818 0.017110
0 0.411754 0.965108 0.007084 0.026498
2 0.519957 0.790981 0.019196 0.034735
0 0.841302 0.904288 0.006948 0.022465
0 0.808427 0.951459 0.007100 0.024186
0 0.478116 0.795012 0.005880 0.019161
0 0.795520 0.654514 0.004671 0.016125
0 0.812008 0.839539 0.005936 0.021105
2 0.745471 0.594363 0.011426 0.016450
0 0.459563 0.853639 0.006876 0.020734
0 0.804692 0.715874 0.004570 0.016149
0 0.815857 0.730944 0.005434 0.016891
0 0.798533 0.671979 0.006084 0.019160
0 0.670223 0.844813 0.010167 0.020071
0 0.831367 0.965237 0.006732 0.022762
0 0.860308 0.911336 0.005199 0.018893
0 0.486168 0.800620 0.005951 0.020540
0 0.826179 0.838780 0.005876 0.020012
2 0.769480 0.591646 0.011249 0.014631
0 0.495813 0.808893 0.005724 0.018780
0 0.748175 0.960458 0.007548 0.020845
0 0.539496 0.764016 0.004342 0.022852
0 0.546466 0.801036 0.004113 0.018282
0 0.550807 0.801188 0.003656 0.020414
0 0.533097 0.795856 0.004799 0.022547
0 0.516644 0.729738 0.004799 0.016453
0 0.533668 0.879342 0.005027 0.023766
0 0.512302 0.698202 0.004799 0.014930
0 0.793609 0.558196 0.002514 0.012188
0 0.797608 0.563376 0.002742 0.009141
0 0.788353 0.593693 0.002971 0.011883
0 0.533440 0.672913 0.004113 0.016149
2 0.551757 0.690362 0.015645 0.026954
2 0.768235 0.825130 0.015821 0.031641
2 0.768059 0.795364 0.016524 0.025547
0 0.571298 0.579949 0.002448 0.010773
0 0.579133 0.545998 0.002448 0.010120
0 0.436145 0.962555 0.004897 0.023831