6 0.189003 0.476427 0.018905 0.037471
6 0.325074 0.487552 0.027281 0.043509
6 0.263062 0.359309 0.008492 0.019007
6 0.149173 0.382967 0.010615 0.023455
6 0.107144 0.385924 0.009661 0.032099
7 0.022888 0.386293 0.013345 0.020664
2 0.006744 0.399064 0.004735 0.008323
2 0.012664 0.398634 0.005812 0.009184
2 0.003623 0.365630 0.004520 0.008036
2 0.014924 0.353145 0.004305 0.004305
2 0.008574 0.354006 0.004090 0.004305
2 0.005776 0.359316 0.004520 0.005166
2 0.019874 0.356733 0.003013 0.005166
2 0.010834 0.348410 0.004305 0.004592
2 0.436684 0.403470 0.009786 0.009786
2 0.426342 0.402728 0.008230 0.008304
2 0.555783 0.667438 0.029359 0.014591
2 0.557785 0.677402 0.031762 0.014591
2 0.560988 0.685943 0.032295 0.011032
2 0.561788 0.690747 0.024822 0.008541
2 0.586877 0.658541 0.021085 0.010320
2 0.584875 0.668683 0.020285 0.012100
2 0.591014 0.675089 0.019751 0.017082
2 0.578336 0.706584 0.042438 0.025267
2 0.598087 0.684698 0.023221 0.014235
6 0.113076 0.363346 0.012977 0.018934
6 0.184325 0.458671 0.014446 0.023505
6 0.181999 0.448877 0.014201 0.018934
6 0.179796 0.440389 0.013221 0.015670
6 0.177837 0.435329 0.012732 0.015343
6 0.176490 0.427004 0.011997 0.011752
6 0.175144 0.421128 0.012732 0.012405
6 0.173430 0.415252 0.012242 0.011752
6 0.172083 0.410355 0.011997 0.011100
6 0.171226 0.404153 0.010773 0.009141
6 0.169267 0.399582 0.010283 0.008488
6 0.168655 0.395828 0.009549 0.006856
6 0.167431 0.392074 0.008569 0.008488
6 0.166207 0.387503 0.008569 0.007182
6 0.166084 0.383586 0.006856 0.007182